    1  -10.00  -10.00  -19.68
    2    0.00  -10.00  -20.68
    3   10.00  -10.00  -19.68
    4   20.00  -10.00  -20.68
    5  -20.00    0.00  -19.68
    6  -10.00    0.00  -20.68
    7    0.00    0.00  -19.68
    8   10.00    0.00  -20.68
    9   20.00    0.00  -19.68
   10  -20.00   10.00  -20.68
   11  -10.00   10.00  -19.68
   12    0.00   10.00  -20.68
   13   10.00   10.00  -19.68
   14   20.00   10.00  -20.68
   15  -20.00   20.00  -19.68
   16  -10.00   20.00  -20.68
   17    0.00   20.00  -19.68
   18   10.00   20.00  -20.68
   19   20.00   20.00  -19.68
