   1.00000  -20.00000  -20.00000   19.68000
   2.00000  -10.00000  -20.00000   20.68000
   3.00000    0.00000  -20.00000   19.68000
   4.00000   10.00000  -20.00000   20.68000
   5.00000   20.00000  -20.00000   19.68000
   6.00000  -20.00000  -10.00000   20.68000
   7.00000  -10.00000  -10.00000   19.68000
   8.00000    0.00000  -10.00000   20.68000
   9.00000   10.00000  -10.00000   19.68000
  10.00000   20.00000  -10.00000   20.68000
  11.00000  -20.00000    0.00000   19.68000
  12.00000  -10.00000    0.00000   20.68000
  13.00000    0.00000    0.00000   19.68000
  14.00000   10.00000    0.00000   20.68000
  15.00000   20.00000    0.00000   19.68000
  16.00000  -20.00000   10.00000   20.68000
  17.00000  -10.00000   10.00000   19.68000
  18.00000    0.00000   10.00000   20.68000
  19.00000   10.00000   10.00000   19.68000
  20.00000   20.00000   10.00000   20.68000
  21.00000  -20.00000   20.00000   19.68000
  22.00000  -10.00000   20.00000   20.68000
  23.00000    0.00000   20.00000   19.68000
  24.00000   10.00000   20.00000   20.68000
  25.00000   20.00000   20.00000   19.68000
