   6.00000  -20.00000  -10.00000   -6.32000
   7.00000  -10.00000  -10.00000   -7.32000
   8.00000    0.00000  -10.00000   -6.32000
   9.00000   10.00000  -10.00000   -7.32000
  10.00000   20.00000  -10.00000   -6.32000
  11.00000  -20.00000    0.00000   -7.32000
  12.00000  -10.00000    0.00000   -6.32000
  13.00000    0.00000    0.00000   -7.32000
  14.00000   10.00000    0.00000   -6.32000
  15.00000   20.00000    0.00000   -7.32000
  16.00000  -20.00000   10.00000   -6.32000
  17.00000  -10.00000   10.00000   -7.32000
  18.00000    0.00000   10.00000   -6.32000
  19.00000   10.00000   10.00000   -7.32000
  20.00000   20.00000   10.00000   -6.32000
  21.00000  -20.00000   20.00000   -7.32000
  22.00000  -10.00000   20.00000   -6.32000
  23.00000    0.00000   20.00000   -7.32000
  24.00000   10.00000   20.00000   -6.32000
  25.00000   20.00000   20.00000   -7.32000
