    1  -20.00  -20.00   -1.68
    2  -10.00  -20.00   -2.68
    3    0.00  -20.00   -1.68
    4   10.00  -20.00   -2.68
    5   20.00  -20.00   -1.68
    6  -20.00  -10.00   -2.68
    7  -10.00  -10.00   -1.68
    8    0.00  -10.00   -2.68
    9   10.00  -10.00   -1.68
   10   20.00  -10.00   -2.68
   11  -20.00    0.00   -1.68
   12  -10.00    0.00   -2.68
   13    0.00    0.00   -1.68
   14   10.00    0.00   -2.68
   15   20.00    0.00   -1.68
   16  -20.00   10.00   -2.68
   17  -10.00   10.00   -1.68
   18    0.00   10.00   -2.68
   19   10.00   10.00   -1.68
   20   20.00   10.00   -2.68
   21  -20.00   20.00   -1.68
   22  -10.00   20.00   -2.68
   23    0.00   20.00   -1.68
   24   10.00   20.00   -2.68
   25   20.00   20.00   -1.68
