    1  -20.00  -10.00   20.68
    2  -10.00  -10.00   19.68
    3    0.00  -10.00   20.68
    4   10.00  -10.00   19.68
    5   20.00  -10.00   20.68
    6  -20.00    0.00   19.68
    7  -10.00    0.00   20.68
    8    0.00    0.00   19.68
    9   10.00    0.00   20.68
   10   20.00    0.00   19.68
   11  -20.00   10.00   20.68
   12  -10.00   10.00   19.68
   13    0.00   10.00   20.68
   14   10.00   10.00   19.68
   15   20.00   10.00   20.68
   16  -20.00   20.00   19.68
   17  -10.00   20.00   20.68
   18    0.00   20.00   19.68
   19   10.00   20.00   20.68
