    1  -20.00  -10.00  -15.32
    2  -10.00  -10.00  -16.32
    3    0.00  -10.00  -15.32
    4   10.00  -10.00  -16.32
    5   20.00  -10.00  -15.32
    6  -20.00    0.00  -16.32
    7  -10.00    0.00  -15.32
    8    0.00    0.00  -16.32
    9   10.00    0.00  -15.32
   10   20.00    0.00  -16.32
   11  -20.00   10.00  -15.32
   12  -10.00   10.00  -16.32
   13    0.00   10.00  -15.32
   14   10.00   10.00  -16.32
   15   20.00   10.00  -15.32
   16  -20.00   20.00  -16.32
   17  -10.00   20.00  -15.32
   18    0.00   20.00  -16.32
   19   10.00   20.00  -15.32
   20   20.00   20.00  -16.32
