    1  -10.00  -10.00  -10.68
    2    0.00  -10.00  -11.68
    3   10.00  -10.00  -10.68
    4   20.00  -10.00  -11.68
    5  -20.00    0.00  -10.68
    6  -10.00    0.00  -11.68
    7    0.00    0.00  -10.68
    8   10.00    0.00  -11.68
    9   20.00    0.00  -10.68
   10  -10.00   10.00  -10.68
   11    0.00   10.00  -11.68
   12   10.00   10.00  -10.68
   13   20.00   10.00  -11.68
   14  -20.00   20.00  -10.68
   15  -10.00   20.00  -11.68
   16    0.00   20.00  -10.68
   17   10.00   20.00  -11.68
   18   20.00   20.00  -10.68
