15
0    -19.820      9.933     -2.429   3       0  7.50742  1.57937       0  6.00227  0.76734    
1      0.122     19.954     -1.405   3       1  0.87539  4.54173       1 -0.56105  4.54935    
2     20.184    -10.063     -2.710   3       2 -5.24971 -5.82556       2 -7.47243 -5.07691    
3     -9.816     19.954     -2.691   3       3  4.19763  4.68575       3  2.72174  4.35405    
4    -19.853     -0.052     -1.411   3       4  7.53642 -1.60537       4  5.89839 -2.56986    
5      0.149      9.943     -2.697   3       5  1.05679  1.19769       5 -0.74391  1.12705    
6      0.187    -10.006     -2.705   3       6  1.30181 -5.31324       6 -0.97429 -5.50050    
7     10.166    -10.017     -1.568   3       7 -1.99498 -5.49277       7 -4.16501 -5.22287    
8     -9.847    -10.064     -1.452   3       8  4.45725 -5.03111       8  2.40119 -5.68109    
9     -9.819     -0.057     -2.604   3       9  4.40562 -1.86323       9  2.47169 -2.41678    
10     -9.866      9.964     -1.322   3      10  4.23620  1.44710      10  2.67231  0.99850    
11      0.142     -0.078     -1.314   3      11  1.11681 -2.02502      11 -0.77549 -2.15972    
12    -19.841    -10.035     -2.589   3      12  7.70540 -4.84618      12  5.70378 -5.98243    
13     20.199      9.912     -2.591   3      13 -5.59568  0.79051      13 -7.32956  1.46850    
14     10.184     19.894     -2.403   3      14 -2.40840  4.33170      14 -3.96266  4.64589    
