  13
   1     0.148     9.937     2.717   15    7   -1   -1
   2   -19.939    -0.143     1.397   21   10   -1   -1
   3   -19.876   -10.068     2.672   33   15   -1   -1
   4   -19.853     9.909     2.653   13    5   -1   -1
   5    20.074     9.930     2.756   18    9   -1   -1
   6    10.163    -0.032     2.617   24   13   -1   -1
   7    -9.926   -10.086     1.515   32   16   -1   -1
   8    10.102     9.918     1.669   17    8   -1   -1
   9    -9.876    -0.123     2.441   22   11   -1   -1
  10     0.102    -0.100     1.456   23   12   -1   -1
  11    -9.881     9.965     1.896   14    6   -1   -1
  12    10.150    19.978     2.813    5    3   -1   -1
  13     0.082    19.958     1.859    4    2   -1   -1
